vectors:
  vector1:
    x_pos: 326151.080726
    y_pos: 6077471.251787
    z_pos: 2944583.918767
    x_velocity: -7455.178720
    y_velocity: -482.482572
    z_velocity: 1910.883434
  vector2:
    x_pos: 327000.0
    y_pos: 6077600.0
    z_pos: 2944280.0
    x_velocity: -7454.0
    y_velocity: -483.0
    z_velocity: 1911.0
